211
212
213
180
214
215
181
42
44
46
47
48
49
50
0
51
53
49
50
0
52
53
49
50
0
52
53
49
50
0
52
53
49
50
0
51
53
49
50
0
52
53
49
50
0
51
53
49
50
0
51
53
49
50
0
52
53
49
50
0
52
53
49
50
0
52
53
49
50
0
52
53
49
50
0
51
53
49
50
0
51
53
49
50
0
52
53
49
50
0
51
53
49
54
36
55
57
59
60
61
62
63
1
64
66
62
63
1
65
66
62
63
1
65
66
62
63
1
65
66
62
63
1
64
66
62
63
1
65
66
62
63
1
64
66
62
63
1
64
66
62
63
1
65
66
62
63
1
65
66
62
63
1
65
66
62
63
1
65
66
62
63
1
64
66
62
63
1
64
66
62
63
1
65
66
62
63
1
64
66
62
67
37
68
70
72
73
74
75
76
2
77
79
75
76
2
78
79
75
76
2
78
79
75
76
2
78
79
75
76
2
77
79
75
76
2
78
79
75
76
2
77
79
75
76
2
77
79
75
76
2
78
79
75
76
2
78
79
75
76
2
78
79
75
76
2
78
79
75
76
2
77
79
75
76
2
77
79
75
76
2
78
79
75
76
2
77
79
75
80
38
81
83
85
86
87
88
89
3
90
92
88
89
3
91
92
88
89
3
91
92
88
89
3
91
92
88
89
3
90
92
88
89
3
91
92
88
89
3
90
92
88
89
3
90
92
88
89
3
91
92
88
89
3
91
92
88
89
3
91
92
88
89
3
91
92
88
89
3
90
92
88
89
3
90
92
88
89
3
91
92
88
89
3
90
92
88
93
39
94
96
98
99
100
101
102
4
103
105
101
102
4
104
105
101
102
4
104
105
101
102
4
104
105
101
102
4
103
105
101
102
4
104
105
101
102
4
103
105
101
102
4
103
105
101
102
4
104
105
101
102
4
104
105
101
102
4
104
105
101
102
4
104
105
101
102
4
103
105
101
102
4
103
105
101
102
4
104
105
101
102
4
103
105
101
106
40
107
109
111
112
113
114
115
5
116
118
114
115
5
117
118
114
115
5
117
118
114
115
5
117
118
114
115
5
116
118
114
115
5
117
118
114
115
5
116
118
114
115
5
116
118
114
115
5
117
118
114
115
5
117
118
114
115
5
117
118
114
115
5
117
118
114
115
5
116
118
114
115
5
116
118
114
115
5
117
118
114
115
5
116
118
114
119
41
216
182
183
184
185
186
187
189
190
185
186
187
189
190
185
186
187
189
190
185
186
187
189
190
185
191
192
183
184
185
186
187
189
190
185
186
188
189
190
185
186
188
189
190
185
186
187
189
190
185
191
192
183
184
185
186
187
189
190
185
186
187
189
190
185
186
188
189
190
185
186
188
189
190
185
191
192
183
184
185
186
187
189
190
185
186
188
189
190
185
186
187
189
190
185
186
188
189
190
185
191
192
183
193
199
200
6
7
8
9
7
8
9
7
8
9
7
8
9
7
8
9
7
8
9
7
8
9
7
8
9
7
8
9
7
8
9
7
8
9
7
8
9
7
8
9
7
8
9
7
8
9
7
8
9
7
8
9
7
8
9
7
8
9
7
8
9
7
8
9
7
8
9
7
8
9
7
8
9
7
8
9
7
8
9
7
10
138
140
142
122
143
144
11
12
13
14
12
13
14
12
13
14
12
13
14
12
13
14
12
13
14
12
13
14
12
13
14
12
13
14
12
13
14
12
13
14
12
13
14
12
13
14
12
13
14
12
13
14
12
13
14
12
13
14
12
13
14
12
13
14
12
13
14
12
13
14
12
13
14
12
13
14
12
13
14
12
13
14
12
13
14
12
15
145
147
149
125
150
151
16
17
18
19
17
18
19
17
18
19
17
18
19
17
18
19
17
18
19
17
18
19
17
18
19
17
18
19
17
18
19
17
18
19
17
18
19
17
18
19
17
18
19
17
18
19
17
18
19
17
18
19
17
18
19
17
18
19
17
18
19
17
18
19
17
18
19
17
18
19
17
18
19
17
18
19
17
18
19
17
20
152
154
156
128
157
158
217
201
21
22
23
24
22
23
24
22
23
24
22
23
24
22
23
24
22
23
24
22
23
24
22
23
24
22
23
24
22
23
24
22
23
24
22
23
24
22
23
24
22
23
24
22
23
24
22
23
24
22
23
24
22
23
24
22
23
24
22
23
24
22
23
24
22
23
24
22
23
24
22
23
24
22
23
24
22
25
159
161
163
131
164
165
26
27
28
29
27
28
29
27
28
29
27
28
29
27
28
29
27
28
29
27
28
29
27
28
29
27
28
29
27
28
29
27
28
29
27
28
29
27
28
29
27
28
29
27
28
29
27
28
29
27
28
29
27
28
29
27
28
29
27
28
29
27
28
29
27
28
29
27
28
29
27
28
29
27
28
29
27
30
166
168
170
134
171
172
31
32
33
34
32
33
34
32
33
34
32
33
34
32
33
34
32
33
34
32
33
34
32
33
34
32
33
34
32
33
34
32
33
34
32
33
34
32
33
34
32
33
34
32
33
34
32
33
34
32
33
34
32
33
34
32
33
34
32
33
34
32
33
34
32
33
34
32
33
34
32
33
34
32
33
34
32
35
173
175
177
137
178
179
202
203
204
206
207
208
209
203
204
206
207
208
209
203
204
206
207
208
209
203
204
206
207
208
209
203
204
206
207
208
209
203
204
206
207
208
209
203
204
206
207
208
209
203
204
206
207
208
209
203
210
218
219
220
218
219
220
218
219
220
218
219
220
218
219
220
218
219
220
218
219
220
218
219
220
218
221
212
222
202
203
204
206
207
208
209
203
204
206
207
208
209
203
204
206
207
208
209
203
204
206
207
208
209
203
204
206
207
208
209
203
204
206
207
208
209
203
204
206
207
208
209
203
204
206
207
208
209
203
210
